Running.
0.0 1 0 
0.05 0.9975249129511011 0.002475087048899129 
0.1 0.9903599829142345 0.009640017085766452 
0.15 0.9791704052748389 0.02082959472516178 
0.2 0.9648439464261962 0.03515605357380475 
0.25 0.9483275926108055 0.05167240738919592 
0.3 0.9305036434304763 0.06949635656952478 
0.35 0.9121171887742986 0.08788281122570298 
0.4 0.8937505381227692 0.1062494618772326 
0.45 0.8758304474561684 0.1241695525438332 
0.5 0.8586522563618131 0.1413477436381884 
0.55 0.8424085247904274 0.1575914752095747 
0.6000000000000001 0.8272149360378178 0.1727850639621843 
0.65 0.8131306835007004 0.1868693164993014 
0.7000000000000001 0.8001733395373825 0.1998266604626197 
0.75 0.7883294215670194 0.2116705784329822 
0.8 0.7775620641543493 0.2224379358456522 
0.8500000000000001 0.7678169188025717 0.2321830811974304 
0.9 0.7590270001732912 0.2409729998267112 
0.9500000000000001 0.7511168569456369 0.2488831430543647 
1 0.744006220011504 0.2559937799884978 
1.05 0.7376131600229179 0.2623868399770833 
1.1 0.7318567398439322 0.2681432601560688 
1.15 0.726659144932337 0.2733408550676637 
1.2 0.7219472932103138 0.2780527067896869 
1.25 0.717653950657809 0.2823460493421923 
1.3 0.7137184010946963 0.2862815989053051 
1.35 0.7100867342941602 0.289913265705841 
1.4 0.7067118245196163 0.2932881754803841 
1.45 0.7035530724232852 0.2964469275767149 
1.5 0.7005759785528628 0.2994240214471377 
1.55 0.6977516083776079 0.3022483916223929 
1.6 0.6950559985692409 0.3049440014307596 
1.65 0.6924695437225243 0.307530456277476 
1.7 0.6899763928063828 0.3100236071936173 
1.75 0.6875638760005093 0.3124361239994907 
1.8 0.6852219754446019 0.3147780245553982 
1.85 0.6829428478048192 0.3170571521951816 
1.9 0.6807204022934217 0.3192795977065797 
1.95 0.6785499346445109 0.3214500653554904 
2 0.6764278153239557 0.323572184676046 
2.05 0.6743512287314017 0.3256487712685996 
2.1 0.6723179591700542 0.3276820408299475 
2.15 0.6703262187866644 0.3296737812133373 
2.2 0.668374512422508 0.3316254875774935 
2.25 0.6664615342921719 0.3335384657078292 
2.3 0.66458609156314 0.3354139084368613 
2.35 0.6627470501984427 0.3372529498015588 
2.4 0.6609432988075266 0.3390567011924748 
2.45 0.6591737266928703 0.3408262733071321 
2.5 0.6574372127527566 0.3425627872472455 
2.55 0.6557326223797139 0.3442673776202881 
2.6 0.654058809959995 0.3459411900400066 
2.65 0.652414625017539 0.3475853749824626 
2.7 0.6507989204457839 0.349201079554217 
2.75 0.6492105616264067 0.3507894383735944 
2.8 0.6476484355425683 0.3523515644574323 
2.85 0.6461114592555259 0.3538885407444738 
2.9 0.6445985873292918 0.3554014126707081 
2.95 0.6431088179617688 0.356891182038231 
3 0.6416411977166279 0.3583588022833714 
3.05 0.6401948248527387 0.3598051751472603 
3.1 0.6387688513220339 0.3612311486779656 
3.15 0.6373624835569421 0.3626375164430573 
3.2 0.6359749821993127 0.3640250178006867 
3.25 0.6346056609381024 0.3653943390618973 
3.3 0.633253884626542 0.3667461153734576 
3.35 0.6319190668441401 0.3680809331558592 
3.4 0.6306006670572891 0.3693993329427097 
3.45 0.6292981875166495 0.3707018124833498 
3.5 0.6280111700115959 0.3719888299884037 
3.55 0.6267391925832537 0.3732608074167455 
3.6 0.6254818662790211 0.3745181337209781 
3.65 0.624238832013797 0.3757611679862023 
3.7 0.6230097575869097 0.3769902424130897 
3.75 0.6217943348892677 0.3782056651107318 
3.8 0.6205922773227454 0.3794077226772544 
3.85 0.6194033174432868 0.3805966825567129 
3.9 0.6182272048305903 0.3817727951694097 
3.95 0.617063704180443 0.3829362958195569 
4 0.6159125936106119 0.3840874063893875 
4.05 0.6147736631674749 0.3852263368325244 
4.100000000000001 0.6136467135181219 0.3863532864818772 
4.15 0.6125315548112167 0.3874684451887829 
4.2 0.6114280056893514 0.388571994310648 
4.25 0.6103358924357112 0.389664107564288 
4.3 0.6092550482384711 0.3907449517615283 
4.350000000000001 0.6081853125573272 0.3918146874426721 
4.4 0.6071265305777764 0.3928734694222218 
4.45 0.6060785527401232 0.3939214472598748 
4.5 0.6050412343316102 0.3949587656683876 
4.55 0.6040144351315191 0.3959855648684778 
4.600000000000001 0.6029980191004399 0.3970019808995562 
4.65 0.6019918541062184 0.3980081458937777 
4.7 0.6009958116802717 0.3990041883197238 
4.75 0.6000097667990446 0.3999902332009509 
4.800000000000001 0.5990335976862974 0.4009664023136988 
4.850000000000001 0.5980671856327638 0.4019328143672322 
4.9 0.5971104148303956 0.4028895851696006 
4.95 0.5961631722189957 0.4038368277810004 
5 0.5952253473435326 0.4047746526564631 
5.050000000000001 0.5942968322208094 0.4057031677791859 
5.100000000000001 0.5933775212144728 0.4066224787855228 
5.15 0.5924673109175819 0.4075326890824137 
5.2 0.5915661000421514 0.408433899957844 
5.25 0.5906737893152016 0.4093262106847944 
5.300000000000001 0.5897902813809488 0.4102097186190476 
5.350000000000001 0.5889154807088424 0.4110845192911545 
5.4 0.5880492935071836 0.4119507064928128 
5.45 0.5871916276420974 0.4128083723578995 
5.5 0.5863423925616225 0.4136576074383734 
5.550000000000001 0.5855014992247225 0.4144985007752732 
5.600000000000001 0.5846688600349744 0.4153311399650216 
5.65 0.5838443887787277 0.4161556112212679 
5.7 0.5830280005675031 0.4169719994324921 
5.75 0.5822196117843935 0.4177803882156021 
5.800000000000001 0.5814191400342389 0.4185808599657572 
5.850000000000001 0.5806265040973401 0.4193734959026565 
5.9 0.5798416238864773 0.4201583761135195 
5.95 0.5790644204070069 0.4209355795929894 
6 0.5782948157198112 0.4217051842801854 
6.050000000000001 0.5775327329068832 0.4224672670931137 
6.100000000000001 0.5767780960393503 0.4232219039606464 
6.15 0.5760308301477307 0.4239691698522668 
6.2 0.5752908611942376 0.4247091388057598 
6.25 0.5745581160469723 0.425441883953026 
6.300000000000001 0.5738325224558216 0.4261674775441766 
6.350000000000001 0.5731140090299365 0.4268859909700617 
6.4 0.5724025052166313 0.4275974947833671 
6.45 0.5716979412815955 0.4283020587184028 
6.5 0.5710002482902935 0.4289997517097047 
6.550000000000001 0.5703093580904521 0.4296906419095466 
6.600000000000001 0.5696252032955363 0.4303747967044624 
6.65 0.5689477172691383 0.4310522827308611 
6.7 0.5682768341101866 0.4317231658898122 
6.75 0.5676124886389246 0.4323875113610741 
6.800000000000001 0.5669546163835776 0.433045383616421 
6.850000000000001 0.5663031535676621 0.433696846432337 
6.9 0.5656580370978864 0.4343419629021125 
6.95 0.5650192045525926 0.4349807954474063 
7 0.5643865941707005 0.4356134058292987 
7.050000000000001 0.5637601448411149 0.4362398551588841 
7.100000000000001 0.5631397960925644 0.4368602039074339 
7.15 0.5625254880838388 0.4374745119161595 
7.2 0.5619171615943965 0.4380828384056014 
7.25 0.56131475801532 0.4386852419846777 
7.300000000000001 0.56071821934059 0.4392817806594081 
7.350000000000001 0.560127488158662 0.4398725118413359 
7.4 0.5595425076443262 0.4404574923556714 
7.45 0.558963221550826 0.4410367784491714 
7.5 0.5583895742022242 0.4416104257977737 
7.550000000000001 0.557821510485999 0.4421784895139987 
7.600000000000001 0.5572589758458598 0.4427410241541372 
7.65 0.556701916274763 0.4432980837252344 
7.7 0.556150278308117 0.4438497216918805 
7.75 0.5556040090171713 0.4443959909828261 
7.800000000000001 0.5550630560025714 0.4449369439974252 
7.850000000000001 0.5545273673880767 0.4454726326119201 
7.9 0.553996891814422 0.4460031081855754 
7.95 0.5534715784333264 0.4465284215666711 
8 0.5529513769016368 0.4470486230983613 
8.050000000000001 0.5524362373755931 0.4475637626244046 
8.1 0.55192611050522 0.4480738894947775 
8.15 0.5514209474288255 0.4485790525711718 
8.200000000000001 0.5509206997676132 0.4490793002323832 
8.25 0.5504253196203969 0.4495746803795998 
8.300000000000001 0.549934759558407 0.4500652404415896 
8.35 0.5494489726201989 0.4505510273797984 
8.4 0.5489679123066418 0.4510320876933563 
8.450000000000001 0.548491532575998 0.4515084674239993 
8.5 0.5480197878390849 0.4519802121609126 
8.550000000000001 0.5475526329545058 0.4524473670454917 
8.6 0.5470900232239652 0.452909976776033 
8.65 0.5466319143876476 0.4533680856123502 
8.700000000000001 0.5461782626196733 0.4538217373803239 
8.75 0.5457290245236143 0.4542709754763831 
8.800000000000001 0.5452841571280748 0.4547158428719226 
8.85 0.5448436178823364 0.4551563821176609 
8.9 0.5444073646520607 0.4555926353479367 
8.950000000000001 0.5439753557150491 0.4560246442849481 
9 0.5435475497570612 0.4564524502429353 
9.050000000000001 0.5431239058676851 0.4568760941323119 
9.1 0.5427043835362586 0.4572956164637386 
9.15 0.5422889426478473 0.4577110573521503 
9.200000000000001 0.5418775434792666 0.4581224565207317 
9.25 0.5414701466951544 0.4585298533048442 
9.300000000000001 0.541066713344093 0.4589332866559059 
9.35 0.5406672048547722 0.4593327951452263 
9.4 0.5402715830322047 0.4597284169677938 
9.450000000000001 0.5398798100539758 0.4601201899460224 
9.5 0.5394918484665451 0.4605081515334534 
9.550000000000001 0.5391076611815834 0.4608923388184152 
9.600000000000001 0.5387272114723557 0.4612727885276425 
9.65 0.5383504629701434 0.4616495370298544 
9.700000000000001 0.5379773796607021 0.4620226203392955 
9.75 0.5376079258807638 0.4623920741192333 
9.800000000000001 0.5372420663145741 0.462757933685424 
9.850000000000001 0.5368797659904652 0.4631202340095332 
9.9 0.5365209902774702 0.4634790097225278 
9.950000000000001 0.5361657048819712 0.4638342951180262 
10 0.5358138758443813 0.464186124155616 
10.05 0.5354654695358634 0.4645345304641333 
10.1 0.5351204526550842 0.4648795473449123 
10.15 0.5347787922249984 0.4652212077749978 
10.2 0.5344404555896713 0.465559544410325 
10.25 0.5341054104111307 0.4658945895888661 
10.3 0.5337736246662508 0.4662263753337464 
10.35 0.5334450666436722 0.4665549333563253 
10.4 0.5331197049407489 0.4668802950592484 
10.45 0.5327975084605305 0.4672024915394679 
10.5 0.5324784464087673 0.4675215535912308 
10.55 0.5321624882909592 0.4678375117090392 
10.6 0.5318496039094192 0.4681503960905791 
10.65 0.5315397633603782 0.4684602366396201 
10.7 0.5312329370311126 0.4687670629688859 
10.75 0.530929095597102 0.4690709044028958 
10.8 0.5306282100192182 0.4693717899807794 
10.85 0.530330251540938 0.4696697484590599 
10.9 0.530035191685585 0.4699648083144126 
10.95 0.5297430022536035 0.4702569977463945 
11 0.5294536553198506 0.4705463446801477 
11.05 0.5291671232309233 0.4708328767690749 
11.1 0.5288833786025091 0.4711166213974889 
11.15 0.5286023943167615 0.4713976056832355 
11.2 0.5283241435197047 0.4716758564802925 
11.25 0.5280485996186586 0.4719514003813389 
11.3 0.5277757362796949 0.472224263720303 
11.35 0.5275055274251154 0.4724944725748822 
11.4 0.5272379472309564 0.4727620527690412 
11.45 0.5269729701245157 0.4730270298754813 
11.5 0.526710570781906 0.4732894292180905 
11.55 0.5264507241256314 0.4735492758743646 
11.6 0.5261934053221872 0.4738065946778085 
11.65 0.525938589779685 0.4740614102203115 
11.7 0.5256862531454972 0.4743137468544989 
11.75 0.5254363713039316 0.4745636286960646 
11.8 0.5251889203739207 0.474811079626076 
11.85 0.5249438767067391 0.4750561232932578 
11.9 0.524701216883742 0.4752987831162552 
11.95 0.5244609177141241 0.4755390822858729 
12 0.5242229562327033 0.4757770437672941 
12.05 0.5239873096977234 0.4760126903022745 
12.1 0.523753955588679 0.4762460444113199 
12.15 0.5235228716041622 0.4764771283958367 
12.2 0.5232940356597312 0.4767059643402675 
12.25 0.5230674258857991 0.4769325741142 
12.3 0.5228430206255397 0.477156979374459 
12.35 0.5226207984328207 0.4773792015671774 
12.4 0.5224007380701511 0.4775992619298468 
12.45 0.5221828185066507 0.4778171814933468 
12.5 0.521967018916041 0.4780329810839565 
12.55 0.5217533186746527 0.4782466813253448 
12.6 0.5215416973594549 0.478458302640543 
12.65 0.5213321347461025 0.4786678652538959 
12.7 0.5211246108070031 0.4788753891929958 
12.75 0.5209191057094025 0.479080894290597 
12.8 0.5207155998134873 0.4792844001865116 
12.85 0.5205140736705122 0.4794859263294869 
12.9 0.5203145080209353 0.4796854919790637 
12.95 0.5201168837925803 0.4798831162074183 
13 0.5199211820988131 0.4800788179011855 
13.05 0.5197273842367351 0.4802726157632629 
13.1 0.5195354716853986 0.4804645283145988 
13.15 0.5193454261040333 0.4806545738959637 
13.2 0.5191572293302953 0.4808427706697015 
13.25 0.5189708633785296 0.481029136621467 
13.3 0.5187863104380529 0.4812136895619436 
13.35 0.5186035528714497 0.4813964471285475 
13.4 0.5184225732128868 0.4815774267871106 
13.45 0.5182433541664445 0.4817566458335532 
13.5 0.5180658786044641 0.4819341213955338 
13.55 0.5178901295659083 0.4821098704340894 
13.6 0.5177160902547447 0.4822839097452532 
13.65 0.5175437440383359 0.4824562559616629 
13.7 0.5173730744458521 0.4826269255541476 
13.75 0.5172040651666957 0.4827959348333036 
13.8 0.5170367000489446 0.4829632999510544 
13.85 0.5168709630978074 0.4831290369021914 
13.9 0.5167068384740935 0.483293161525905 
13.95 0.5165443104927016 0.4834556895072975 
14 0.5163833636211174 0.483616636378882 
14.05 0.5162239824779326 0.4837760175220671 
14.1 0.5160661518313724 0.4839338481686266 
14.15 0.5159098565978424 0.4840901434021562 
14.2 0.5157550818404845 0.4842449181595141 
14.25 0.5156018127677493 0.4843981872322485 
14.3 0.515450034731985 0.4845499652680131 
14.35 0.5152997332280337 0.4847002667719634 
14.4 0.5151508938918511 0.4848491061081465 
14.45 0.5150035024991257 0.4849964975008716 
14.5 0.5148575449639269 0.4851424550360707 
14.55 0.5147130073373539 0.4852869926626439 
14.6 0.5145698758062036 0.4854301241937928 
14.65 0.5144281366916547 0.4855718633083418 
14.7 0.5142877764479534 0.485712223552043 
14.75 0.5141487816611234 0.4858512183388727 
14.8 0.5140111390476834 0.4859888609523134 
14.85 0.5138748354533754 0.4861251645466213 
14.9 0.5137398578519111 0.4862601421480859 
14.95 0.5136061933437237 0.4863938066562729 
15 0.5134738291547383 0.4865261708452586 
15.05 0.5133427526351472 0.4866572473648498 
15.1 0.5132129512582041 0.4867870487417925 
15.15 0.5130844126190255 0.4869155873809708 
15.2 0.5129571244334069 0.4870428755665901 
15.25 0.5128310745366443 0.4871689254633521 
15.3 0.5127062508823793 0.4872937491176174 
15.35 0.5125826415414394 0.4874173584585571 
15.4 0.5124602347007043 0.4875397652992925 
15.45 0.5123390186619731 0.4876609813380237 
15.5 0.512218981840849 0.4877810181591479 
15.55 0.5121001127656294 0.4878998872343671 
15.6 0.5119824000762128 0.4880175999237834 
15.65 0.5118658325230107 0.4881341674769858 
15.7 0.5117503989658729 0.4882496010341243 
15.75 0.5116360883730225 0.488363911626974 
