Running.
0.0 1 0 
0.05 0.997512451779154 0.002487548220846055 
0.1 0.9901895867694718 0.009810413230528114 
0.15 0.9784193457404504 0.02158065425954882 
0.2 0.9627807740135278 0.03721922598647157 
0.25 0.9439786252394514 0.05602137476054786 
0.3 0.9227760864880831 0.07722391351191597 
0.35 0.8999341750554332 0.1000658249445662 
0.4 0.8761640721724809 0.1238359278275185 
0.45 0.8520953134659076 0.1479046865340915 
0.5 0.8282595658395311 0.1717404341604684 
0.55 0.8050873972408413 0.1949126027591579 
0.6000000000000001 0.7829142623224314 0.217085737677568 
0.65 0.7619917945658995 0.2380082054341003 
0.7000000000000001 0.742501100939492 0.2574988990605078 
0.75 0.724565719340637 0.2754342806593633 
0.8 0.7082628972032922 0.291737102796708 
0.8500000000000001 0.6936326733539755 0.3063673266460247 
0.9 0.6806848076967227 0.3193151923032773 
0.9500000000000001 0.6694039104628329 0.3305960895371666 
1 0.659753231464265 0.3402467685357348 
1.05 0.6516775518409218 0.3483224481590774 
1.1 0.6451055396018509 0.3548944603981479 
1.15 0.6399518306894124 0.3600481693105869 
1.2 0.6361190051606084 0.3638809948393911 
1.25 0.6334995544496546 0.3665004455503447 
1.3 0.6319778823368561 0.3680221176631435 
1.35 0.6314323464468563 0.3685676535531427 
1.4 0.6317373247032445 0.368262675296754 
1.45 0.6327652781529722 0.3672347218470263 
1.5 0.6343887749885395 0.3656112250114592 
1.55 0.636482438224877 0.3635175617751219 
1.6 0.6389247800235082 0.3610752199764909 
1.65 0.6415998881989526 0.3584001118010465 
1.7 0.6443989344639 0.3556010655360992 
1.75 0.6472214790366552 0.352778520963343 
1.8 0.6499765520533676 0.3500234479466307 
1.85 0.6525834984811156 0.3474165015188825 
1.9 0.6549725796534612 0.3450274203465365 
1.95 0.6570853309063025 0.3429146690936955 
2 0.65887468085858 0.3411253191414181 
2.05 0.6603048435174289 0.3396951564825693 
2.1 0.6613509994612499 0.3386490005387476 
2.15 0.6619987867931866 0.3380012132068106 
2.2 0.6622436262798377 0.3377563737201596 
2.25 0.662089908001121 0.3379100919988764 
2.3 0.6615500688134326 0.3384499311865645 
2.35 0.6606435908303989 0.3393564091695981 
2.4 0.6593959508418932 0.3406040491581037 
2.45 0.6578375490942465 0.3421624509057508 
2.5 0.6560026432477167 0.3439973567522803 
2.55 0.6539283098750654 0.3460716901249317 
2.6 0.6516534519573013 0.3483465480426958 
2.65 0.6492178669171371 0.3507821330828601 
2.7 0.6466613862031088 0.3533386137968886 
2.75 0.6440230945596579 0.3559769054403394 
2.8 0.6413406349459344 0.3586593650540634 
2.85 0.6386496034740136 0.3613503965259838 
2.9 0.6359830374715815 0.3640169625284163 
2.95 0.6333709985444455 0.3666290014555526 
3 0.6308402511105037 0.3691597488894938 
3.05 0.6284140351986982 0.3715859648012997 
3.1 0.6261119304097577 0.3738880695902403 
3.15 0.6239498059754676 0.3760501940245304 
3.2 0.6219398500358772 0.3780601499641208 
3.25 0.6200906697694423 0.379909330230556 
3.3 0.6184074529872653 0.3815925470127335 
3.35 0.6168921812756452 0.3831078187243535 
3.4 0.6155438847112299 0.3844561152887686 
3.45 0.6143589284835239 0.3856410715164744 
3.5 0.6133313223299467 0.3866686776700513 
3.55 0.6124530444098217 0.3875469555901764 
3.6 0.611714372029446 0.3882856279705522 
3.65 0.6111042124242492 0.3888957875757489 
3.7 0.6106104275774996 0.3893895724224989 
3.75 0.6102201477989888 0.3897798522010095 
3.8 0.609920069504711 0.3900799304952873 
3.85 0.6096967333369916 0.3903032666630064 
3.9 0.6095367794485039 0.390463220551494 
3.95 0.6094271774464157 0.3905728225535817 
4 0.6093554291507277 0.3906445708492692 
4.05 0.609309742958936 0.3906902570410609 
4.100000000000001 0.6092791792190513 0.3907208207809458 
4.15 0.6092537665861737 0.3907462334138237 
4.2 0.6092245898662486 0.3907754101337483 
4.25 0.6091838503268727 0.3908161496731237 
4.3 0.6091248998739079 0.3908751001260886 
4.350000000000001 0.6090422508501682 0.3909577491498283 
4.4 0.608931563506496 0.3910684364935006 
4.45 0.6087896134257639 0.3912103865742326 
4.5 0.6086142413475375 0.3913857586524591 
4.55 0.6084042879474324 0.391595712052564 
4.600000000000001 0.608159516174021 0.3918404838259757 
4.65 0.6078805237414068 0.3921194762585897 
4.7 0.6075686483222823 0.3924313516777138 
4.75 0.6072258678897403 0.3927741321102557 
4.800000000000001 0.6068546985218436 0.3931453014781522 
4.850000000000001 0.6064580918179024 0.3935419081820933 
4.9 0.6060393338835312 0.3939606661164642 
4.95 0.6056019476321295 0.394398052367866 
5 0.6051495999252642 0.3948504000747314 
5.050000000000001 0.6046860148426868 0.3953139851573088 
5.100000000000001 0.6042148941372647 0.3957851058627304 
5.15 0.6037398456962416 0.396260154303754 
5.2 0.6032643206029293 0.396735679397066 
5.25 0.6027915591749913 0.3972084408250043 
5.300000000000001 0.6023245461508542 0.3976754538491412 
5.350000000000001 0.60186597500712 0.3981340249928756 
5.4 0.601418221219054 0.3985817787809415 
5.45 0.6009833241253189 0.3990166758746766 
5.5 0.6005629769278579 0.3994370230721374 
5.550000000000001 0.6001585242488212 0.3998414757511736 
5.600000000000001 0.5997709665787193 0.4002290334212755 
5.65 0.5994009708830669 0.4005990291169282 
5.7 0.5990488865879675 0.4009511134120279 
5.75 0.5987147661372709 0.4012852338627245 
5.800000000000001 0.5983983893037851 0.4016016106962101 
5.850000000000001 0.5980992904431642 0.4019007095568305 
5.9 0.5978167878997499 0.4021832121002449 
5.95 0.5975500148073157 0.4024499851926791 
6 0.5972979505722292 0.4027020494277655 
6.050000000000001 0.5970594523805235 0.402940547619471 
6.100000000000001 0.5968332861315988 0.4031667138683955 
6.15 0.5966181562680505 0.403381843731944 
6.2 0.5964127340416416 0.4035872659583523 
6.25 0.5962156838280614 0.4037843161719326 
6.300000000000001 0.5960256871760707 0.4039743128239234 
6.350000000000001 0.5958414643488703 0.404158535651124 
6.4 0.5956617931852608 0.4043382068147335 
6.45 0.595485525174839 0.4045144748251557 
6.5 0.5953115987036811 0.4046884012963135 
6.550000000000001 0.5951390494842751 0.4048609505157191 
6.600000000000001 0.5949670182350479 0.4050329817649467 
6.65 0.5947947557204407 0.4052052442795535 
6.7 0.59462162530171 0.405378374698284 
6.75 0.5944471031813486 0.405552896818645 
6.800000000000001 0.5942707765503127 0.4057292234496815 
6.850000000000001 0.5940923398670837 0.4059076601329104 
6.9 0.5939115895113669 0.4060884104886269 
6.95 0.5937284170630442 0.40627158293695 
7 0.5935428014595425 0.4064571985404519 
7.050000000000001 0.5933548002821691 0.4066451997178248 
7.100000000000001 0.5931645404150109 0.4068354595849829 
7.15 0.5929722083090528 0.4070277916909414 
7.2 0.5927780400699155 0.4072219599300786 
7.25 0.5925823115705736 0.4074176884294203 
7.300000000000001 0.5923853287711686 0.4076146712288256 
7.350000000000001 0.5921874184071909 0.4078125815928031 
7.4 0.5919889191853647 0.4080110808146293 
7.45 0.5917901736040554 0.4082098263959386 
7.5 0.5915915204924117 0.4084084795075827 
7.550000000000001 0.5913932883402195 0.4086067116597752 
7.600000000000001 0.5911957894688817 0.4088042105311128 
7.65 0.5909993150734824 0.4090006849265119 
7.7 0.5908041311467666 0.409195868853228 
7.75 0.5906104752783254 0.4093895247216689 
7.800000000000001 0.5904185543065084 0.4095814456934853 
7.850000000000001 0.5902285427866895 0.4097714572133049 
7.9 0.5900405822276162 0.4099594177723781 
7.95 0.5898547810376993 0.4101452189622952 
8 0.5896712151152005 0.4103287848847937 
8.050000000000001 0.5894899290104156 0.410510070989578 
8.1 0.5893109375839274 0.410689062416067 
8.15 0.5891342280828146 0.4108657719171801 
8.200000000000001 0.5889597625561975 0.4110402374437975 
8.25 0.5887874805324566 0.4112125194675386 
8.300000000000001 0.5886173018828762 0.4113826981171193 
8.35 0.5884491297999739 0.4115508702000216 
8.4 0.5882828538233825 0.411717146176613 
8.450000000000001 0.5881183528515272 0.4118816471484678 
8.5 0.5879554980834151 0.4120445019165795 
8.550000000000001 0.5877941558413753 0.4122058441586194 
8.6 0.5876341902324446 0.4123658097675505 
8.65 0.5874754656130962 0.4125245343868992 
8.700000000000001 0.5873178488290002 0.4126821511709958 
8.75 0.5871612112084156 0.4128387887915805 
8.800000000000001 0.5870054302944318 0.4129945697055643 
8.85 0.5868503913075911 0.4131496086924046 
8.9 0.5866959883362882 0.4133040116637071 
8.950000000000001 0.5865421252577093 0.4134578747422863 
9 0.5863887163968866 0.4136112836031092 
9.050000000000001 0.5862356869356763 0.4137643130643199 
9.1 0.5860829730870539 0.4139170269129416 
9.15 0.5859305220531225 0.4140694779468731 
9.200000000000001 0.5857782917875564 0.4142217082124395 
9.25 0.5856262505849766 0.4143737494150191 
9.300000000000001 0.5854743765208913 0.4145256234791044 
9.35 0.5853226567664503 0.4146773432335455 
9.4 0.5851710868023515 0.4148289131976441 
9.450000000000001 0.5850196695558759 0.4149803304441199 
9.5 0.5848684144842204 0.4151315855157752 
9.550000000000001 0.5847173366261709 0.4152826633738244 
9.600000000000001 0.5845664556426811 0.4154335443573137 
9.65 0.5844157948652284 0.4155842051347662 
9.700000000000001 0.5842653803689107 0.4157346196310839 
9.75 0.584115240085206 0.4158847599147886 
9.800000000000001 0.5839654029671857 0.416034597032809 
9.850000000000001 0.5838158982177939 0.4161841017822006 
9.9 0.5836667545896398 0.4163332454103546 
9.950000000000001 0.5835179997626216 0.4164820002373729 
10 0.5833696598036544 0.4166303401963405 
10.05 0.5832217587108351 0.4167782412891591 
10.1 0.5830743180425941 0.4169256819574 
10.15 0.5829273566307094 0.4170726433692846 
10.2 0.5827808903746359 0.417219109625358 
10.25 0.5826349321132801 0.417365067886714 
10.3 0.5824894915692873 0.4175105084307063 
10.35 0.5823445753600016 0.417655424639992 
10.4 0.5822001870685531 0.4177998129314405 
10.45 0.5820563273680267 0.4179436726319666 
10.5 0.5819129941913193 0.418087005808674 
10.55 0.5817701829391316 0.418229817060862 
10.6 0.5816278867185415 0.4183721132814524 
10.65 0.5814860966047327 0.4185139033952613 
10.7 0.5813448019187146 0.4186551980812794 
10.75 0.5812039905142512 0.4187960094857431 
10.8 0.5810636490676671 0.4189363509323276 
10.85 0.5809237633647489 0.4190762366352456 
10.9 0.5807843185795603 0.4192156814204341 
10.95 0.5806452995406113 0.4193547004593838 
11 0.5805066909805102 0.4194933090194846 
11.05 0.5803684777658881 0.419631522234107 
11.1 0.5802306451050556 0.4197693548949399 
11.15 0.5800931787315231 0.4199068212684728 
11.2 0.5799560650621317 0.4200439349378647 
11.25 0.5798192913291464 0.4201807086708497 
11.3 0.5796828456862138 0.4203171543137826 
11.35 0.5795467172885792 0.4204532827114175 
11.4 0.5794108963484249 0.4205891036515717 
11.45 0.5792753741665611 0.4207246258334352 
11.5 0.5791401431420408 0.4208598568579552 
11.55 0.5790051967615388 0.4209948032384569 
11.6 0.5788705295705451 0.4211294704294506 
11.65 0.5787361371285679 0.4212638628714277 
11.7 0.57860201595065 0.4213979840493461 
11.75 0.5784681634375303 0.421531836562466 
11.8 0.5783345777967975 0.4216654222031988 
11.85 0.5782012579573126 0.4217987420426839 
11.9 0.57806820347911 0.4219317965208868 
11.95 0.5779354144608571 0.4220645855391397 
12 0.5778028914468072 0.4221971085531894 
12.05 0.5776706353350113 0.4223293646649853 
12.1 0.5775386472883631 0.4224613527116335 
12.15 0.5774069286498598 0.4225930713501369 
12.2 0.5772754808632425 0.4227245191367544 
12.25 0.5771443053999843 0.4228556946000126 
12.3 0.5770134036933755 0.4229865963066217 
12.35 0.5768827770802533 0.4231172229197436 
12.4 0.5767524267507413 0.4232475732492558 
12.45 0.5766223537061603 0.4233776462938368 
12.5 0.5764925587251243 0.4235074412748725 
12.55 0.5763630423376696 0.4236369576623272 
12.6 0.5762338048071268 0.4237661951928696 
12.65 0.5761048461193448 0.4238951538806516 
12.7 0.5759761659787477 0.4240238340212489 
12.75 0.5758477638106548 0.4241522361893416 
12.8 0.5757196387692134 0.4242803612307836 
12.85 0.5755917897502461 0.4244082102497512 
12.9 0.5754642154083095 0.4245357845916877 
12.95 0.5753369141772239 0.4246630858227731 
13 0.5752098842933513 0.424790115706646 
13.05 0.5750831238209138 0.4249168761790834 
13.1 0.5749566306786734 0.4250433693213235 
13.15 0.5748304026673281 0.4251695973326681 
13.2 0.5747044374970307 0.4252955625029658 
13.25 0.5745787328144875 0.4254212671855087 
13.3 0.5744532862291606 0.4255467137708357 
13.35 0.5743280953381432 0.425671904661853 
13.4 0.5742031577493667 0.4257968422506297 
13.45 0.5740784711028311 0.425921528897165 
13.5 0.5739540330896532 0.4260459669103435 
13.55 0.5738298414687489 0.4261701585312483 
13.6 0.5737058940810645 0.4262941059189332 
13.65 0.5735821888612953 0.4264178111387022 
13.7 0.5734587238471068 0.4265412761528902 
13.75 0.5733354971859006 0.4266645028140963 
13.8 0.5732125071392257 0.4267874928607717 
13.85 0.5730897520849572 0.4269102479150407 
13.9 0.5729672305174093 0.4270327694825889 
13.95 0.5728449410455584 0.4271550589544397 
14 0.5727228823895819 0.427277117610416 
14.05 0.5726010533759258 0.427398946624072 
14.1 0.5724794529311241 0.4275205470688737 
14.15 0.5723580800745975 0.4276419199253998 
14.2 0.572236933910653 0.4277630660893446 
14.25 0.5721160136198996 0.4278839863800979 
14.3 0.5719953184502983 0.4280046815496992 
14.35 0.5718748477080315 0.428125152291966 
14.4 0.5717546007483809 0.4282453992516168 
14.45 0.5716345769667769 0.4283654230332212 
14.5 0.5715147757901637 0.4284852242098342 
14.55 0.5713951966688119 0.4286048033311862 
14.6 0.5712758390686763 0.4287241609313219 
14.65 0.5711567024643969 0.4288432975356015 
14.7 0.5710377863330016 0.4289622136669969 
14.75 0.5709190901483595 0.4290809098516383 
14.8 0.570800613376419 0.4291993866235788 
14.85 0.5706823554712327 0.429317644528765 
14.9 0.5705643158717756 0.4294356841282223 
14.95 0.5704464939995307 0.4295535060004673 
15 0.5703288892568139 0.4296711107431837 
15.05 0.5702115010257982 0.4297884989741991 
15.1 0.5700943286681817 0.4299056713318157 
15.15 0.5699773715254446 0.4300226284745533 
15.2 0.5698606289196307 0.4301393710803675 
15.25 0.5697441001545862 0.4302558998454115 
15.3 0.569627784517588 0.4303722154824099 
15.35 0.5695116812812826 0.4304883187187151 
15.4 0.5693957897058808 0.4306042102941166 
15.45 0.5692801090415267 0.4307198909584705 
15.5 0.5691646385307833 0.4308353614692136 
15.55 0.5690493774111742 0.4309506225888228 
15.6 0.5689343249177216 0.4310656750822753 
15.65 0.5688194802854352 0.4311805197145618 
15.7 0.568704842751702 0.4312951572482954 
15.75 0.5685904115585424 0.431409588441455 
