Running.
0.0 1 0 
0.05 0.997551552018423 0.002448447981576668 
0.1 0.9906782194347301 0.009321780565269973 
0.15 0.9804206462268934 0.01957935377310641 
0.2 0.9679392664177581 0.03206073358224133 
0.25 0.9542632915733664 0.04573670842663276 
0.3 0.940185304961181 0.05981469503881805 
0.35 0.9262511662649566 0.07374883373504261 
0.4 0.9127973203729847 0.08720267962701443 
0.45 0.9000025552234361 0.0999974447765635 
0.5 0.887936897390286 0.112063102609714 
0.55 0.8766010449436468 0.1233989550563533 
0.6000000000000001 0.8659553964421792 0.1340446035578217 
0.65 0.8559400706857535 0.144059929314248 
0.7000000000000001 0.8464879293998216 0.15351207060018 
0.75 0.8375325064687782 0.1624674935312236 
0.8 0.8290124053822676 0.1709875946177341 
0.8500000000000001 0.8208733578367117 0.1791266421632897 
0.9 0.8130688131208689 0.1869311868791325 
0.9500000000000001 0.8055596675829104 0.1944403324170906 
1 0.798313544069951 0.2016864559300501 
1.05 0.7913038844355557 0.2086961155644459 
1.1 0.7845090142044571 0.2154909857955447 
1.15 0.777911267711286 0.2220887322887145 
1.2 0.7714962159918012 0.228503784008199 
1.25 0.7652520113197928 0.2347479886802067 
1.3 0.7591688459767333 0.2408311540232656 
1.35 0.7532385144443827 0.2467614855556159 
1.4 0.7474540647444678 0.2525459352555305 
1.45 0.7418095240760595 0.2581904759239393 
1.5 0.7362996848834373 0.2637003151165612 
1.55 0.7309199391863787 0.2690800608136188 
1.6 0.7256661509219016 0.2743338490780948 
1.65 0.720534557905505 0.2794654420944906 
1.7 0.7155216966849151 0.2844783033150808 
1.75 0.7106243449789525 0.2893756550210424 
1.8 0.705839477564536 0.2941605224354581 
1.85 0.7011642324167198 0.2988357675832746 
1.9 0.6965958846512144 0.3034041153487808 
1.95 0.6921318263993615 0.3078681736006343 
2 0.6877695511935826 0.3122304488064131 
2.05 0.6835066417844303 0.3164933582155656 
2.1 0.6793407605716678 0.3206592394283284 
2.15 0.6752696420299952 0.3247303579700003 
2.2 0.671291086659997 0.3287089133399984 
2.25 0.6674029561081973 0.3325970438917986 
2.3 0.6636031691857137 0.3363968308142812 
2.35 0.6598896985796966 0.3401103014202979 
2.4 0.6562605681006427 0.3437394318993514 
2.45 0.6527138503457941 0.3472861496542002 
2.5 0.6492476646869385 0.3507523353130568 
2.55 0.6458601755123418 0.3541398244876543 
2.6 0.6425495906688502 0.3574504093311456 
2.65 0.6393141600626355 0.3606858399373609 
2.7 0.6361521743865862 0.3638478256134097 
2.75 0.63306196394965 0.3669380360503451 
2.8 0.6300418975890112 0.3699581024109834 
2.85 0.6270903816503008 0.3729096183496931 
2.9 0.6242058590243463 0.3757941409756462 
2.95 0.6213868082315065 0.3786131917684857 
3 0.6186317425466048 0.3813682574533875 
3.05 0.6159392091589918 0.3840607908410002 
3.1 0.6133077883634316 0.3866922116365601 
3.15 0.6107360927784082 0.3892639072215828 
3.2 0.6082227665891519 0.3917772334108394 
3.25 0.605766484813212 0.3942335151867794 
3.3 0.6033659525868434 0.3966340474131477 
3.35 0.6010199044707687 0.3989800955292219 
3.4 0.5987271037741522 0.4012728962258402 
3.45 0.5964863418957962 0.403513658104196 
3.5 0.5942964376817608 0.4057035623182321 
3.55 0.5921562367986591 0.4078437632013334 
3.6 0.5900646111220579 0.4099353888779347 
3.65 0.5880204581394058 0.4119795418605861 
3.7 0.5860227003670349 0.4139772996329565 
3.75 0.5840702847807777 0.4159297152192132 
3.8 0.5821621822598149 0.417837817740177 
3.85 0.5802973870433742 0.4197026129566183 
3.9 0.5784749161999446 0.4215250838000484 
3.95 0.5766938091086694 0.4233061908913244 
4 0.5749531269526179 0.4250468730473754 
4.05 0.5732519522236436 0.4267480477763496 
4.100000000000001 0.5715893882385339 0.4284106117614586 
4.15 0.5699645586661998 0.4300354413337913 
4.2 0.5683766070656295 0.431623392934362 
4.25 0.5668246964343505 0.4331753035656392 
4.3 0.5653080087671812 0.4346919912328081 
4.350000000000001 0.5638257446249902 0.4361742553749984 
4.4 0.5623771227132759 0.4376228772867129 
4.45 0.5609613794703081 0.4390386205296801 
4.5 0.559577768664634 0.4404222313353546 
4.55 0.5582255610017178 0.4417744389982699 
4.600000000000001 0.5569040437395212 0.4430959562604667 
4.65 0.5556125203128024 0.4443874796871848 
4.7 0.5543503099659542 0.4456496900340323 
4.75 0.5531167473941713 0.4468832526058149 
4.800000000000001 0.5519111823927658 0.4480888176072203 
4.850000000000001 0.5507329795144422 0.4492670204855424 
4.9 0.5495815177343583 0.4504184822656263 
4.95 0.548456190122775 0.4515438098772097 
5 0.5473564035251508 0.4526435964748349 
5.050000000000001 0.5462815782494876 0.4537184217504984 
5.100000000000001 0.54523114776078 0.4547688522392063 
5.15 0.5442045583823952 0.4557954416175917 
5.2 0.5432012690042296 0.4567987309957563 
5.25 0.5422207507974981 0.4577792492024869 
5.300000000000001 0.5412624869359852 0.4587375130639992 
5.350000000000001 0.5403259723236309 0.4596740276763538 
5.4 0.5394107133282933 0.4605892866716914 
5.45 0.538516227521561 0.4614837724784236 
5.5 0.5376420434244665 0.4623579565755174 
5.550000000000001 0.5367877002589734 0.4632122997410111 
5.600000000000001 0.5359527477050969 0.4640472522948875 
5.65 0.5351367456635499 0.4648632543364353 
5.7 0.534339264023762 0.4656607359762233 
5.75 0.5335598824371766 0.4664401175628095 
5.800000000000001 0.5327981900956806 0.4672018099043054 
5.850000000000001 0.5320537855150761 0.4679462144849096 
5.9 0.5313262763234556 0.4686737236765297 
5.95 0.5306152790543868 0.4693847209455984 
6 0.5299204189447879 0.4700795810551971 
6.050000000000001 0.5292413297373932 0.4707586702625919 
6.100000000000001 0.5285776534877 0.4714223465122849 
6.15 0.5279290403752982 0.4720709596246866 
6.2 0.527295148519481 0.4727048514805039 
6.25 0.5266756437990432 0.473324356200943 
6.300000000000001 0.5260701996761631 0.473929800323822 
6.350000000000001 0.5254784970242924 0.4745215029756916 
6.4 0.5249002239599436 0.4750997760400409 
6.45 0.5243350756782941 0.4756649243216909 
6.5 0.5237827542925295 0.4762172457074554 
6.550000000000001 0.5232429686768284 0.4767570313231566 
6.600000000000001 0.5227154343129096 0.4772845656870752 
6.65 0.5221998731400658 0.4778001268599195 
6.7 0.5216960134085975 0.4783039865913872 
6.75 0.5212035895365781 0.4787964104634073 
6.800000000000001 0.5207223419698633 0.4792776580301231 
6.850000000000001 0.5202520170452818 0.4797479829547045 
6.9 0.5197923668569349 0.480207633143052 
6.95 0.5193431491255215 0.4806568508744654 
7 0.5189041270706369 0.4810958729293499 
7.050000000000001 0.5184750692859662 0.48152493071402 
7.100000000000001 0.5180557496173114 0.4819442503826755 
7.15 0.5176459470433855 0.4823540529566011 
7.2 0.517245445559315 0.4827545544406721 
7.25 0.5168540340627837 0.4831459659372034 
7.300000000000001 0.5164715062427621 0.4835284937572252 
7.350000000000001 0.5160976604707626 0.4839023395292251 
7.4 0.5157322996945591 0.4842677003054277 
7.45 0.5153752313343276 0.4846247686656592 
7.5 0.5150262671811318 0.4849737328188548 
7.550000000000001 0.5146852232977236 0.4853147767022625 
7.600000000000001 0.5143519199215885 0.4856480800783967 
7.65 0.5140261813701957 0.4859738186297896 
7.7 0.5137078359483943 0.4862921640515909 
7.75 0.5133967158579157 0.4866032841420705 
7.800000000000001 0.5130926571089242 0.4869073428910615 
7.850000000000001 0.5127954994335862 0.4872045005664 
7.9 0.5125050862015862 0.4874949137984008 
7.95 0.5122212643375713 0.487778735662416 
8 0.5119438842404668 0.4880561157595223 
8.050000000000001 0.5116727997046175 0.4883272002953717 
8.1 0.5114078678427311 0.4885921321572589 
8.15 0.5111489490105555 0.4888510509894343 
8.200000000000001 0.5108959067332788 0.4891040932667107 
8.25 0.51064860763359 0.4893513923663986 
8.300000000000001 0.5104069213613803 0.4895930786386093 
8.35 0.510170720525029 0.4898292794749599 
8.4 0.5099398806242668 0.4900601193757218 
8.450000000000001 0.5097142799845438 0.4902857200154447 
8.5 0.5094937996928982 0.4905062003070906 
8.550000000000001 0.5092783235352788 0.4907216764647107 
8.6 0.5090677379352856 0.4909322620647033 
8.65 0.5088619318943109 0.4911380681056782 
8.700000000000001 0.5086607969330263 0.4913392030669631 
8.75 0.5084642270342061 0.4915357729657837 
8.800000000000001 0.508272118586845 0.4917278814131443 
8.85 0.5080843703315496 0.4919156296684404 
8.9 0.5079008833071583 0.492099116692832 
8.950000000000001 0.5077215607985839 0.4922784392014065 
9 0.5075463082858358 0.4924536917141553 
9.050000000000001 0.5073750333941967 0.4926249666057946 
9.1 0.5072076458455332 0.4927923541544588 
9.15 0.5070440574107105 0.4929559425892815 
9.200000000000001 0.5068841818630883 0.4931158181369033 
9.25 0.5067279349330702 0.4932720650669208 
9.300000000000001 0.5065752342636883 0.4934247657363043 
9.35 0.5064259993671846 0.493574000632808 
9.4 0.5062801515825984 0.493719848417394 
9.450000000000001 0.5061376140342969 0.4938623859656948 
9.5 0.505998311591455 0.494001688408536 
9.550000000000001 0.5058621708284573 0.4941378291715334 
9.600000000000001 0.5057291199861931 0.4942708800137978 
9.65 0.5055990889342333 0.4944009110657582 
9.700000000000001 0.505472009133864 0.4945279908661281 
9.75 0.5053478136019627 0.4946521863980298 
9.800000000000001 0.505226436875689 0.4947735631243038 
9.850000000000001 0.5051078149779834 0.4948921850220104 
9.9 0.5049918853838389 0.4950081146161557 
9.950000000000001 0.5048785869873493 0.4951214130126443 
10 0.5047678600695027 0.4952321399304909 
10.05 0.5046596462666966 0.4953403537332968 
10.1 0.5045538885399814 0.4954461114600131 
10.15 0.5044505311449905 0.4955494688550047 
10.2 0.5043495196025615 0.4956504803974334 
10.25 0.5042508006700189 0.4957491993299759 
10.3 0.5041543223131119 0.4958456776868836 
10.35 0.5040600336785818 0.4959399663214134 
10.4 0.5039678850673649 0.4960321149326303 
10.45 0.5038778279083923 0.4961221720916023 
10.5 0.5037898147329897 0.4962101852670056 
10.55 0.5037037991498543 0.4962962008501413 
10.6 0.5036197358206053 0.49638026417939 
10.65 0.5035375804358855 0.4964624195641097 
10.7 0.5034572896920051 0.4965427103079898 
10.75 0.5033788212681166 0.4966211787318783 
10.8 0.5033021338039095 0.4966978661960851 
10.85 0.5032271868778068 0.4967728131221877 
10.9 0.5031539409856621 0.4968460590143328 
10.95 0.5030823575199335 0.4969176424800616 
11 0.5030123987493361 0.4969876012506584 
11.05 0.5029440277989554 0.4970559722010387 
11.1 0.5028772086308076 0.4971227913691869 
11.15 0.5028119060248447 0.4971880939751501 
11.2 0.5027480855603912 0.497251914439603 
11.25 0.5026857135980034 0.4973142864019906 
11.3 0.5026247572617325 0.4973752427382608 
11.35 0.5025651844218011 0.4974348155781918 
11.4 0.5025069636776657 0.4974930363223276 
11.45 0.5024500643414639 0.497549935658529 
11.5 0.5023944564218437 0.4976055435781501 
11.55 0.5023401106081482 0.4976598893918453 
11.6 0.5022869982549731 0.497713001745019 
11.65 0.5022350913670669 0.4977649086329258 
11.7 0.5021843625845681 0.4978156374154244 
11.75 0.5021347851685921 0.4978652148314009 
11.8 0.5020863329871311 0.4979136670128617 
11.85 0.5020389805012847 0.4979610194987077 
11.9 0.5019927027517971 0.4980072972481958 
11.95 0.5019474753458983 0.498052524654095 
12 0.5019032744444517 0.498096725555543 
12.05 0.5018600767493828 0.498139923250613 
12.1 0.5018178594914039 0.4981821405085916 
12.15 0.5017766004180114 0.4982233995819842 
12.2 0.5017362777817553 0.4982637222182399 
12.25 0.5016968703287783 0.4983031296712173 
12.3 0.5016583572876089 0.4983416427123862 
12.35 0.5016207183582181 0.4983792816417774 
12.4 0.5015839337013152 0.4984160662986807 
12.45 0.5015479839278921 0.4984520160721038 
12.5 0.5015128500890047 0.4984871499109912 
12.55 0.5014785136657833 0.4985214863342124 
12.6 0.501444956559672 0.4985550434403235 
12.65 0.5014121610828903 0.4985878389171061 
12.7 0.5013801099491056 0.4986198900508906 
12.75 0.5013487862643277 0.4986512137356682 
12.8 0.5013181735179991 0.4986818264819963 
12.85 0.5012882555742962 0.4987117444256985 
12.9 0.5012590166636214 0.498740983336373 
12.95 0.5012304413742922 0.498769558625702 
13 0.5012025146444176 0.4987974853555767 
13.05 0.5011752217539583 0.4988247782460362 
13.1 0.5011485483169694 0.4988514516830254 
13.15 0.501122480274016 0.4988775197259788 
13.2 0.501097003884765 0.4989029961152302 
13.25 0.5010721057207391 0.4989278942792562 
13.3 0.5010477726582421 0.4989522273417544 
13.35 0.5010239918714375 0.4989760081285585 
13.4 0.5010007508255945 0.498999249174402 
13.45 0.5009780372704732 0.4990219627295228 
13.5 0.5009558392338743 0.4990441607661225 
13.55 0.500934145015323 0.4990658549846732 
13.6 0.5009129431799068 0.4990870568200891 
13.65 0.5008922225522445 0.4991077774477507 
13.7 0.5008719722105982 0.4991280277893969 
13.75 0.5008521814811157 0.4991478185188802 
13.8 0.5008328399322017 0.4991671600677952 
13.85 0.5008139373690237 0.4991860626309746 
13.9 0.5007954638281338 0.4992045361718639 
13.95 0.5007774095722236 0.4992225904277736 
14 0.5007597650849861 0.4992402349150116 
14.05 0.5007425210660995 0.4992574789338977 
14.1 0.5007256684263285 0.4992743315736679 
14.15 0.5007091982827329 0.4992908017172635 
14.2 0.5006931019539812 0.4993068980460141 
14.25 0.5006773709557807 0.4993226290442138 
14.3 0.5006619969964015 0.4993380030035933 
14.35 0.5006469719723067 0.499353028027688 
14.4 0.5006322879638802 0.4993677120361135 
14.45 0.500617937231258 0.4993820627687364 
14.5 0.5006039122102384 0.4993960877897551 
14.55 0.500590205508305 0.4994097944916882 
14.6 0.5005768099007248 0.4994231900992693 
14.65 0.5005637183267392 0.4994362816732552 
14.7 0.5005509238858462 0.4994490761141486 
14.75 0.5005384198341598 0.4994615801658351 
14.8 0.5005261995808578 0.4994738004191382 
14.85 0.5005142566847054 0.4994857433152903 
14.9 0.5005025848506619 0.4994974151493334 
14.95 0.5004911779265638 0.4995088220734311 
15 0.5004800298998769 0.4995199701001166 
15.05 0.5004691348945359 0.499530865105459 
15.1 0.5004584871678339 0.4995415128321598 
15.15 0.5004480811074121 0.4995519188925822 
15.2 0.5004379112282855 0.4995620887717088 
15.25 0.5004279721699634 0.4995720278300312 
15.3 0.5004182586936179 0.4995817413063776 
15.35 0.5004087656793244 0.499591234320672 
15.4 0.5003994881233619 0.4996005118766346 
15.45 0.5003904211355787 0.4996095788644185 
15.5 0.5003815599368098 0.4996184400631877 
15.55 0.5003728998563619 0.4996271001436345 
15.6 0.5003644363295511 0.499635563670444 
15.65 0.5003561648952957 0.4996438351046987 
15.7 0.5003480811937641 0.4996519188062302 
15.75 0.5003401809640764 0.4996598190359169 
